FID	IID	wolbachia	MEN_SNP1	MEN_SNP2	MenEx3	inversionPC1	inversionPC2	inversionPC3	inversionPC4	inversionPC5	EigVal1	EigVal2	EigVal3	EigVal4	EigVal5
line_21	line_21	2	1	2	14.04921947	-0.218250244	-0.150489925	0.017549183	0.058379887	-0.106122042	0.0013	0.0279	0.0039	-0.001	-0.0144
line_26	line_26	1	1	1	16.08633009	0.735978413	0.002006924	-0.191372897	0.201091036	-0.110978702	0.088	-0.1942	-0.0932	0.0064	-0.0342
line_28	line_28	1	2	1	13.28367296	0.046680818	-0.281886165	0.749071583	-0.470407031	0.122041728	0.0253	0.0442	0.2391	0.0134	-0.0918
line_31	line_31	1	1	1	13.93686219	-0.226084412	-0.234696302	-0.696592525	-0.899755166	0.241816776	0.0075	0.0148	-0.0181	-0.0053	-0.0071
line_32	line_32	1	1	1	9.942571637	0.618210149	0.97399193	-0.087763876	0.103296233	0.032473127	0.1216	-0.2075	0.1221	0.0123	0.0009
line_38	line_38	1	-9	1	11.34002658	-0.238952484	-0.188832098	-0.598788795	-0.629799669	0.144345623	-0.0038	0.0404	-0.0095	-0.0129	0.0003
line_40	line_40	2	2	2	15.56589433	-0.218250244	-0.150489925	0.017549183	0.058379887	-0.106122042	-0.0103	0.0369	-0.0284	-0.0194	-0.0113
line_45	line_45	1	2	1	12.59318542	-0.218250244	-0.150489925	0.017549183	0.058379887	-0.106122042	-0.0063	0.0482	-0.0284	-0.0083	-0.0108
line_57	line_57	1	1	1	10.25980754	-0.218250244	-0.150489925	0.017549183	0.058379887	-0.106122042	-0.0087	0.0449	-0.0206	-0.0096	-0.0014
line_59	line_59	1	-9	1	17.36494781	-0.218250244	-0.150489925	0.017549183	0.058379887	-0.106122042	0.0191	0.0178	0.2204	0.0174	0.0012
line_69	line_69	2	1	1	11.99048878	0.048430278	-0.298145627	0.827570214	-0.524704086	0.142129868	-0.0097	0.0537	-0.0102	-0.0046	-0.1326
line_75	line_75	2	2	2	12.1710943	-0.218250244	-0.150489925	0.017549183	0.058379887	-0.106122042	-0.0129	0.0418	-0.0258	-0.0082	-0.0082
line_83	line_83	1	1	1	10.8388632	-0.218250244	-0.150489925	0.017549183	0.058379887	-0.106122042	-0.0098	0.0415	-0.0209	-0.0075	-0.0141
line_85	line_85	1	2	1	13.78793532	0.735978413	0.002006924	-0.191372897	0.201091036	-0.110978702	0.016	-0.0159	-0.0404	-0.0006	-0.0274
line_88	line_88	1	-9	1	15.00388742	0.735978413	0.002006924	-0.191372897	0.201091036	-0.110978702	0.0141	-0.0156	-0.0345	-0.0004	-0.0098
line_91	line_91	1	2	1	16.32526296	-0.218250244	-0.150489925	0.017549183	0.058379887	-0.106122042	-0.0132	0.0434	-0.0078	-0.002	-0.001
line_93	line_93	1	2	1	11.74547396	0.735978413	0.002006924	-0.191372897	0.201091036	-0.110978702	0.097	-0.2073	-0.0888	0.0245	-0.038
line_100	line_100	2	1	1	11.71539278	0.715276173	-0.03633525	-0.807710875	-0.487088521	0.139488963	0.0096	0.0055	-0.0802	-0.0356	-0.0488
line_101	line_101	1	1	1	16.1789907	0.735978413	0.002006924	-0.191372897	0.201091036	-0.110978702	0.0139	-0.0054	-0.0378	-0.0061	-0.0173
line_105	line_105	1	1	1	12.00095966	-0.238952484	-0.188832098	-0.598788795	-0.629799669	0.144345623	-0.0086	0.0487	-0.062	-0.035	-0.0313
line_109	line_109	1	2	1	21.94962434	0.735978413	0.002006924	-0.191372897	0.201091036	-0.110978702	0.0106	-0.0112	-0.0392	-0.0118	-0.0132
line_129	line_129	1	1	1	18.98140879	-0.218250244	-0.150489925	0.017549183	0.058379887	-0.106122042	-0.0071	0.0425	-0.0283	-0.0019	0.0048
line_136	line_136	2	1	1	13.42133497	-0.226084412	-0.234696302	-0.696592525	-0.899755166	0.241816776	-0.0035	0.0422	-0.0117	-0.0077	0.0013
line_142	line_142	2	2	1	17.27108674	-0.218250244	-0.150489925	0.017549183	0.058379887	-0.106122042	-0.0009	0.0391	-0.0234	-0.0101	0.0029
line_149	line_149	2	1	1	14.80223056	-0.218250244	-0.150489925	0.017549183	0.058379887	-0.106122042	-0.003	0.0432	-0.0173	-0.0158	0.0008
line_153	line_153	2	1	1	12.41003307	-0.218250244	-0.150489925	0.017549183	0.058379887	-0.106122042	-0.0155	0.0347	-0.0188	-0.0068	0.017
line_181	line_181	2	1	1	11.53759179	-0.218250244	-0.150489925	0.017549183	0.058379887	-0.106122042	-0.0049	0.0319	-0.0264	-0.0149	0.001
line_189	line_189	2	2	1	16.46064036	-0.25847654	-0.252206903	-0.009404274	0.42490821	0.817252782	-0.013	0.0429	-0.0568	-0.0329	-0.0357
line_195	line_195	1	1	1	12.21019031	-0.218250244	-0.150489925	0.017549183	0.058379887	-0.106122042	-0.0053	0.0325	-0.0058	-0.0121	-0.0063
line_208	line_208	1	1	1	16.33141769	-0.218250244	-0.150489925	0.017549183	0.058379887	-0.106122042	-0.0072	0.0431	-0.0262	-0.0109	-0.0103
line_217	line_217	1	1	1	9.557572455	-0.218250244	-0.150489925	0.017549183	0.058379887	-0.106122042	-0.0064	0.0401	-0.0256	-0.0021	-0.0083
line_228	line_228	1	1	1	9.998631438	-0.218250244	-0.150489925	0.017549183	0.058379887	-0.106122042	0.001	0.0335	-0.0256	-0.0053	-0.0171
line_235	line_235	1	2	1	16.2491813	-0.218250244	-0.150489925	0.017549183	0.058379887	-0.106122042	-0.0077	0.0376	-0.0222	-0.0148	-0.0235
line_237	line_237	2	2	1	14.89063302	1.000909475	-0.129389317	0.540149503	-0.327695883	0.117185069	0.016	-0.0157	-0.0326	0.0059	-0.0172
line_239	line_239	1	2	1	15.75103133	-0.218250244	-0.150489925	0.017549183	0.058379887	-0.106122042	0.0228	0.0215	0.2061	0.0078	0.0134
line_280	line_280	2	2	1	13.07552429	-0.218250244	-0.150489925	0.017549183	0.058379887	-0.106122042	-0.0019	0.0358	-0.0165	-0.013	-0.0082
line_287	line_287	2	2	1	17.76700418	-0.218250244	-0.150489925	0.017549183	0.058379887	-0.106122042	-0.0046	0.0274	-0.0241	0.0037	-0.0061
line_301	line_301	1	2	1	15.2298535	0.735978413	0.002006924	-0.191372897	0.201091036	-0.110978702	0.0191	-0.0133	-0.0202	-0.0018	-0.0207
line_303	line_303	1	2	1	14.22456664	1.000909475	-0.129389317	0.540149503	-0.327695883	0.117185069	-0.0023	0.0586	-0.0235	0.0046	-0.2805
line_304	line_304	2	1	1	10.79154627	0.046680818	-0.281886165	0.749071583	-0.470407031	0.122041728	-0.0046	0.092	-0.0325	0.0154	-0.4745
line_306	line_306	2	2	-9	16.48255556	-0.218250244	-0.150489925	0.017549183	0.058379887	-0.106122042	-0.0005	0.0721	-0.03	0.0066	-0.3924
line_307	line_307	1	2	2	14.49617588	-0.218250244	-0.150489925	0.017549183	0.058379887	-0.106122042	-0.0035	0.0404	-0.0212	-0.015	-0.0128
line_309	line_309	1	1	1	12.42558187	-0.238952484	-0.188832098	-0.598788795	-0.629799669	0.144345623	-0.0079	0.0375	-0.0152	-0.0104	-0.01
line_310	line_310	2	1	1	14.5594447	-0.218250244	-0.150489925	0.017549183	0.058379887	-0.106122042	-0.0121	0.025	-0.0234	0.0022	-0.0146
line_313	line_313	1	2	1	12.97201954	0.735978413	0.002006924	-0.191372897	0.201091036	-0.110978702	0.0843	-0.1848	-0.0625	0.0334	-0.0608
line_315	line_315	1	2	1	12.41823605	-0.218250244	-0.150489925	0.017549183	0.058379887	-0.106122042	0.001	0.035	-0.0171	-0.0005	-0.0008
line_317	line_317	2	-9	1	12.01339502	-0.336018508	0.821495081	0.121158204	-0.039414915	0.037329786	-0.0034	0.0343	0.0581	-0.0036	0.0146
line_318	line_318	2	1	1	13.37934491	-0.218250244	-0.150489925	0.017549183	0.058379887	-0.106122042	-0.003	0.038	-0.0124	0.0017	-0.0183
line_319	line_319	2	2	1	17.77386193	-0.226429625	-0.159170327	0.019388242	0.065118426	-0.123589792	-0.0108	0.0351	-0.0227	-0.0087	0.0063
line_320	line_320	2	2	1	13.66065714	-0.218250244	-0.150489925	0.017549183	0.058379887	-0.106122042	-0.0051	0.0333	-0.0319	-0.0081	-0.0052
line_324	line_324	1	2	1	12.24693089	-0.336018508	0.821495081	0.121158204	-0.039414915	0.037329786	0.0297	0.0286	0.2447	0.0201	0.0174
line_335	line_335	2	2	1	15.34082249	-0.336018508	0.821495081	0.121158204	-0.039414915	0.037329786	-0.0085	0.0293	-0.0293	0.0047	-0.0084
line_336	line_336	2	1	2	15.58699389	1.000909475	-0.129389317	0.540149503	-0.327695883	0.117185069	0.0186	-0.0215	-0.0483	-0.0049	-0.0324
line_338	line_338	2	2	1	13.67186176	1.000909475	-0.129389317	0.540149503	-0.327695883	0.117185069	0.0186	-0.0207	-0.0546	-0.0029	-0.0255
line_350	line_350	1	1	2	11.85000944	0.618210149	0.97399193	-0.087763876	0.103296233	0.032473127	0.1359	-0.2428	0.2438	0.0908	-0.0837
line_357	line_357	1	1	1	14.17401658	-0.218250244	-0.150489925	0.017549183	0.058379887	-0.106122042	-0.0037	0.0298	-0.0098	-0.0094	-0.0094
line_358	line_358	1	1	-9	12.68172492	0.618210149	0.97399193	-0.087763876	0.103296233	0.032473127	0.1423	-0.2563	0.2613	0.1011	-0.0934
line_359	line_359	1	-9	1	16.30665333	0.735978413	0.002006924	-0.191372897	0.201091036	-0.110978702	0.0965	-0.1973	-0.0919	0.0209	-0.0546
line_360	line_360	2	2	1	16.446732	-0.218250244	-0.150489925	0.017549183	0.058379887	-0.106122042	-0.0077	0.0323	-0.0222	-0.0155	0.0248
line_361	line_361	2	-9	-9	14.10793115	-0.25847654	-0.252206903	-0.009404274	0.42490821	0.817252782	0.0017	0.0283	-0.0061	0.0195	0.0034
line_362	line_362	2	2	1	13.9221215	-0.218250244	-0.150489925	0.017549183	0.058379887	-0.106122042	-0.0089	0.0364	-0.0122	-0.0009	0.0001
line_365	line_365	2	1	1	14.14634849	-0.218250244	-0.150489925	0.017549183	0.058379887	-0.106122042	-0.0047	0.0358	-0.0243	-0.0137	-0.0046
line_367	line_367	1	2	1	13.06023277	-0.218250244	-0.150489925	0.017549183	0.058379887	-0.106122042	-0.0116	0.0295	-0.0174	-0.013	-0.0045
line_370	line_370	2	2	1	15.61591877	-0.218250244	-0.150489925	0.017549183	0.058379887	-0.106122042	-0.008	0.0337	-0.025	-0.0042	-0.0155
line_373	line_373	1	-9	1	11.33074785	-0.25847654	-0.252206903	-0.009404274	0.42490821	0.817252782	-0.0005	0.0347	-0.0102	-0.0046	-0.0032
line_374	line_374	2	2	1	11.99560792	-0.336018508	0.821495081	0.121158204	-0.039414915	0.037329786	0.0153	0.0145	0.2094	-0.0015	0.0137
line_375	line_375	1	1	1	10.90685355	-0.218250244	-0.150489925	0.017549183	0.058379887	-0.106122042	-0.005	0.0402	-0.0175	0.0133	-0.0054
line_379	line_379	1	2	1	14.0560961	-0.218250244	-0.150489925	0.017549183	0.058379887	-0.106122042	-0.0084	0.0327	-0.0308	-0.0014	-0.0106
line_380	line_380	2	2	1	16.06511122	-0.218250244	-0.150489925	0.017549183	0.058379887	-0.106122042	-0.0011	0.0247	-0.0184	-0.0048	-0.0062
line_383	line_383	2	2	1	13.86190355	0.735978413	0.002006924	-0.191372897	0.201091036	-0.110978702	0.083	-0.1765	-0.0838	0.0253	-0.0673
line_385	line_385	1	1	1	12.61363705	-0.218250244	-0.150489925	0.017549183	0.058379887	-0.106122042	-0.4807	-0.2087	0.0377	0.0082	0.0067
line_386	line_386	1	1	1	18.6522511	0.735978413	0.002006924	-0.191372897	0.201091036	-0.110978702	0.0695	-0.1896	-0.0797	0.0324	-0.0571
line_390	line_390	1	2	1	13.9777479	0.618210149	0.97399193	-0.087763876	0.103296233	0.032473127	0.0963	-0.1839	0.0171	0.031	-0.0393
line_391	line_391	1	2	1	13.17288021	-0.218250244	-0.150489925	0.017549183	0.058379887	-0.106122042	-0.017	0.0309	-0.0218	-0.0198	-0.0015
line_392	line_392	1	1	1	15.36263418	-0.218250244	-0.150489925	0.017549183	0.058379887	-0.106122042	-0.2914	-0.1238	0.0093	0.0156	-0.0049
line_395	line_395	1	1	1	16.38295229	-0.218250244	-0.150489925	0.017549183	0.058379887	-0.106122042	-0.5261	-0.2308	0.0403	0.0103	0.0077
line_397	line_397	2	-9	1	11.97039203	-0.25847654	-0.252206903	-0.009404274	0.42490821	0.817252782	-0.0057	0.036	-0.0108	-0.0006	-0.0058
line_399	line_399	1	1	2	13.09634943	-0.218250244	-0.150489925	0.017549183	0.058379887	-0.106122042	-0.4664	-0.2022	0.0349	0.0106	0.0035
line_405	line_405	2	1	1	11.91891866	0.735978413	0.002006924	-0.191372897	0.201091036	-0.110978702	0.0167	-0.0168	-0.0435	-0.0074	-0.021
line_406	line_406	1	2	1	16.01095182	0.735978413	0.002006924	-0.191372897	0.201091036	-0.110978702	0.0945	-0.2006	-0.0871	0.0182	-0.0611
line_426	line_426	1	2	2	15.89112009	1.013777547	-0.175253521	0.442345773	-0.597651379	0.214656222	0.017	-0.0062	-0.0396	-0.0005	-0.0374
line_427	line_427	1	2	1	16.98777542	-0.218250244	-0.150489925	0.017549183	0.058379887	-0.106122042	-0.0154	0.0381	-0.017	-0.0078	-0.0087
line_437	line_437	1	2	1	12.85822698	-0.336018508	0.821495081	0.121158204	-0.039414915	0.037329786	0.0265	0.0257	0.2326	0.0081	-0.0005
line_439	line_439	1	2	1	14.14736817	-0.218250244	-0.150489925	0.017549183	0.058379887	-0.106122042	-0.0035	0.0355	-0.0343	0.0037	0.0009
line_440	line_440	2	1	-9	13.69531036	-0.238952484	-0.188832098	-0.598788795	-0.629799669	0.144345623	-0.0009	0.041	-0.0109	-0.0098	-0.0072
line_441	line_441	2	1	1	12.25888081	-0.218250244	-0.150489925	0.017549183	0.058379887	-0.106122042	-0.0066	0.0375	-0.0244	-0.0019	-0.0094
line_443	line_443	1	2	1	16.18921367	0.735978413	0.002006924	-0.191372897	0.201091036	-0.110978702	0.0123	-0.0108	-0.0295	0.0083	-0.0247
line_486	line_486	2	2	1	15.87253968	-0.218250244	-0.150489925	0.017549183	0.058379887	-0.106122042	-0.0052	0.0332	-0.0186	-0.0003	-0.0048
line_491	line_491	1	1	1	10.74492978	-0.218250244	-0.150489925	0.017549183	0.058379887	-0.106122042	-0.0055	0.0439	-0.0203	-0.0105	-0.004
line_502	line_502	1	2	-9	16.03426395	0.735978413	0.002006924	-0.191372897	0.201091036	-0.110978702	0.0143	-0.0193	-0.0396	-0.0071	-0.0056
line_517	line_517	1	1	1	14.12054422	-0.218250244	-0.150489925	0.017549183	0.058379887	-0.106122042	-0.0103	0.037	-0.0263	-0.0104	-0.0247
line_528	line_528	2	2	1	17.93170118	1.078852887	-0.145229597	0.666611497	-0.413216164	0.163363531	0.0147	-0.0156	-0.038	0.001	-0.025
line_530	line_530	2	2	1	13.72345164	-0.218250244	-0.150489925	0.017549183	0.058379887	-0.106122042	-0.0025	0.0289	-0.0281	-0.0029	-0.0142
line_531	line_531	2	1	1	11.93280358	-0.218250244	-0.150489925	0.017549183	0.058379887	-0.106122042	-0.0106	0.0417	-0.0197	0.0064	0.0011
line_535	line_535	2	1	1	14.1568761	-0.218250244	-0.150489925	0.017549183	0.058379887	-0.106122042	-0.0066	0.0402	-0.022	-0.0109	-0.0038
line_551	line_551	2	2	1	13.77236865	-0.336018508	0.821495081	0.121158204	-0.039414915	0.037329786	0.0063	0.0282	0.0634	0.0057	0.001
line_555	line_555	2	2	2	11.20671312	-0.336018508	0.821495081	0.121158204	-0.039414915	0.037329786	0.0257	0.0239	0.2364	0.0081	0.034
line_559	line_559	1	-9	1	15.70316752	-0.356720748	0.783152908	-0.495179774	-0.727594472	0.287797452	-0.0001	0.0406	0.0415	0.0044	0.0327
line_563	line_563	1	1	1	9.979476972	1.000909475	-0.129389317	0.540149503	-0.327695883	0.117185069	0.0099	-0.0038	-0.0327	-0.0147	0.0031
line_584	line_584	2	2	1	16.81932078	0.735978413	0.002006924	-0.191372897	0.201091036	-0.110978702	0.1048	-0.1891	-0.1169	-0.0801	0.1676
line_630	line_630	1	-9	1	12.35155528	0.695752117	-0.099710055	-0.218326354	0.567619359	0.812396122	0.0675	-0.1193	-0.0384	0.0025	-0.0043
line_639	line_639	2	2	1	14.98770651	-0.218250244	-0.150489925	0.017549183	0.058379887	-0.106122042	0.0011	0.0359	-0.0087	0.0006	0.0227
line_703	line_703	1	1	1	13.64945151	-0.218250244	-0.150489925	0.017549183	0.058379887	-0.106122042	-0.009	0.0391	-0.0253	-0.0087	-0.0152
line_705	line_705	2	2	1	15.54306734	-0.218250244	-0.150489925	0.017549183	0.058379887	-0.106122042	-0.0052	0.0336	-0.0192	-0.0052	0.0089
line_707	line_707	2	1	1	16.72261065	-0.336018508	0.821495081	0.121158204	-0.039414915	0.037329786	0.0108	0.022	0.159	-0.003	0.0119
line_712	line_712	2	2	1	18.26519145	-0.336018508	0.821495081	0.121158204	-0.039414915	0.037329786	0.0251	0.0142	0.2093	-0.0692	0.1687
line_714	line_714	1	1	2	13.6445004	-0.336018508	0.821495081	0.121158204	-0.039414915	0.037329786	0.0229	0.025	0.185	0.0024	0.0083
line_716	line_716	2	2	1	15.44358051	-0.218250244	-0.150489925	0.017549183	0.058379887	-0.106122042	-0.0091	0.0531	-0.0211	-0.027	0.0206
line_721	line_721	2	2	2	13.4026543	-0.205382173	-0.196354129	-0.080254547	-0.211575609	-0.008650889	0.0017	0.0494	-0.031	-0.0094	-0.0167
line_732	line_732	1	-9	1	13.06881591	-0.238952484	-0.188832098	-0.598788795	-0.629799669	0.144345623	-0.0025	0.0388	-0.0155	-0.0203	0.009
line_737	line_737	2	2	1	16.44632984	-0.218250244	-0.150489925	0.017549183	0.058379887	-0.106122042	0.0152	-0.0082	-0.0448	-0.0754	0.1442
line_738	line_738	2	2	-9	14.70712106	-0.336018508	0.821495081	0.121158204	-0.039414915	0.037329786	0.0007	0.0258	0.0532	0.0006	-0.0005
line_748	line_748	2	2	1	20.31993717	0.735978413	0.002006924	-0.191372897	0.201091036	-0.110978702	0.1359	-0.2329	-0.1025	-0.125	0.2669
line_757	line_757	1	2	1	13.36874744	-0.218250244	-0.150489925	0.017549183	0.058379887	-0.106122042	-0.0056	0.0351	-0.0158	-0.0029	-0.0206
line_765	line_765	1	1	1	12.17032746	-0.218250244	-0.150489925	0.017549183	0.058379887	-0.106122042	-0.0037	0.0458	-0.0378	-0.0159	0.0011
line_774	line_774	1	-9	1	11.32998651	-0.218250244	-0.150489925	0.017549183	0.058379887	-0.106122042	-0.0028	0.0333	-0.0255	-0.0145	0.0105
line_776	line_776	2	1	1	12.37474495	-0.25847654	-0.252206903	-0.009404274	0.42490821	0.817252782	-0.0125	0.0775	-0.0705	-0.053	-0.0375
line_783	line_783	2	1	1	12.76194993	-0.218250244	-0.150489925	0.017549183	0.058379887	-0.106122042	0.0043	0.0468	-0.0373	-0.0153	0.0686
line_786	line_786	2	1	1	11.81411262	-0.25847654	-0.252206903	-0.009404274	0.42490821	0.817252782	-0.0122	0.048	-0.056	-0.0282	-0.0355
line_790	line_790	2	2	1	13.35291267	-0.218250244	-0.150489925	0.017549183	0.058379887	-0.106122042	0.0085	0.0474	-0.0229	-0.0481	0.1492
line_796	line_796	2	1	1	11.81975605	-0.218250244	-0.150489925	0.017549183	0.058379887	-0.106122042	0.0035	0.0383	-0.0241	-0.0098	0.0324
line_799	line_799	1	2	1	15.08131749	-0.218250244	-0.150489925	0.017549183	0.058379887	-0.106122042	0.0207	-0.0201	-0.054	-0.127	0.2662
line_802	line_802	2	-9	1	13.64483596	0.715276173	-0.03633525	-0.807710875	-0.487088521	0.139488963	0.0278	-0.0257	-0.0417	-0.0529	0.0775
line_808	line_808	1	1	1	12.37066201	-0.218250244	-0.150489925	0.017549183	0.058379887	-0.106122042	-0.0045	0.0359	-0.0298	-0.004	-0.0006
line_810	line_810	1	2	-9	14.39702033	-0.336018508	0.821495081	0.121158204	-0.039414915	0.037329786	0.0316	0.0158	0.2532	-0.0016	0.0623
line_818	line_818	2	1	1	16.66143468	-0.218250244	-0.150489925	0.017549183	0.058379887	-0.106122042	-0.0016	0.0446	-0.0055	-0.0232	0.0297
line_819	line_819	2	2	1	14.95000209	-0.218250244	-0.150489925	0.017549183	0.058379887	-0.106122042	0.0191	0.0191	0.0161	-0.0982	0.1979
line_820	line_820	2	2	1	11.77129144	-0.336018508	0.821495081	0.121158204	-0.039414915	0.037329786	0.0159	0.0182	0.1593	0.0013	0.0087
line_822	line_822	2	1	1	13.53240264	-0.218250244	-0.150489925	0.017549183	0.058379887	-0.106122042	-0.0122	0.0386	-0.0279	-0.0044	0.0085
line_837	line_837	2	2	1	11.96069682	0.735978413	0.002006924	-0.191372897	0.201091036	-0.110978702	0.1039	-0.2179	-0.0771	0.0399	-0.0668
line_843	line_843	1	2	1	12.65337556	-0.218250244	-0.150489925	0.017549183	0.058379887	-0.106122042	-0.0032	0.0817	-0.0871	0.6636	0.1679
line_849	line_849	1	2	1	14.90268154	0.735978413	0.002006924	-0.191372897	0.201091036	-0.110978702	0.0159	-0.0143	-0.0374	-0.0103	0.002
line_850	line_850	2	2	1	15.69783997	-0.218250244	-0.150489925	0.017549183	0.058379887	-0.106122042	-0.0187	0.077	-0.0529	-0.1188	0.1431
line_852	line_852	2	2	1	13.93936088	0.046680818	-0.281886165	0.749071583	-0.470407031	0.122041728	-0.0057	0.0593	-0.0147	-0.0162	-0.106
line_853	line_853	2	2	1	20.99995079	-0.218250244	-0.150489925	0.017549183	0.058379887	-0.106122042	-0.0078	0.0611	-0.0444	-0.0773	0.0996
line_855	line_855	2	2	1	13.32574762	-0.336018508	0.821495081	0.121158204	-0.039414915	0.037329786	-0.0017	0.0281	0.1016	-0.0077	0.0135
line_857	line_857	1	1	1	15.1548619	0.048430278	-0.298145627	0.827570214	-0.524704086	0.142129868	-0.0061	0.0359	-0.0203	0.0006	-0.0498
line_859	line_859	2	2	1	15.98293402	-0.218250244	-0.150489925	0.017549183	0.058379887	-0.106122042	-0.0092	0.0714	-0.0405	-0.1048	0.1512
line_861	line_861	2	2	1	14.73634243	-0.336018508	0.821495081	0.121158204	-0.039414915	0.037329786	0.0206	0.0196	0.2155	-0.0189	0.0501
line_879	line_879	2	2	1	15.74149858	-0.218250244	-0.150489925	0.017549183	0.058379887	-0.106122042	-0.0017	0.0819	-0.084	0.6436	0.1685
line_882	line_882	2	2	1	11.5665113	-0.218250244	-0.150489925	0.017549183	0.058379887	-0.106122042	-0.0043	0.0582	-0.006	0.0179	0.0249
line_884	line_884	2	1	1	16.03125409	-0.25847654	-0.252206903	-0.009404274	0.42490821	0.817252782	-0.0008	0.0277	-0.0086	-0.0052	-0.0028
line_890	line_890	2	2	1	13.38577975	-0.218250244	-0.150489925	0.017549183	0.058379887	-0.106122042	-0.0041	0.0491	-0.0266	-0.0247	0.0469
line_894	line_894	1	2	1	16.50413146	0.735978413	0.002006924	-0.191372897	0.201091036	-0.110978702	0.0998	-0.2061	-0.0788	-0.0131	0.0046
line_897	line_897	2	2	1	11.52958195	-0.218250244	-0.150489925	0.017549183	0.058379887	-0.106122042	0	0.0452	-0.04	-0.0084	0.0098
line_900	line_900	1	2	-9	14.05711886	-0.218250244	-0.150489925	0.017549183	0.058379887	-0.106122042	-0.0089	0.0263	-0.0319	-0.0461	0.0824
line_907	line_907	1	-9	1	18.97505392	-0.226429625	-0.159170327	0.019388242	0.065118426	-0.123589792	0.0123	0.0118	-0.0311	-0.0603	0.1166
line_908	line_908	1	2	1	13.79669502	-0.336018508	0.821495081	0.121158204	-0.039414915	0.037329786	0.016	0.023	0.1686	0.002	0.0325
line_911	line_911	1	2	1	13.55781431	-0.218250244	-0.150489925	0.017549183	0.058379887	-0.106122042	-0.0061	0.0414	-0.0235	-0.018	0.0084
